# orbit.toml
method = "dop853"
period = 4.01215641594093
steps = 5000
output = "orbit.png"
width = 1600
height = 1200

[[body]]
mass = 1.0
r = [0.486657678894505, 0.755041888583519, 0.0]
v = [-0.182709864466916, 0.363013287999004, 0.0]
[[body]]
mass = 1.0
r = [ -0.681737994414464, 0.29366023319721, 0.0]
v = [ -0.579074922540872, -0.748157481446087, 0.0]
[[body]]
mass = 1.0
r = [-0.02259632746864, -0.612645601255358, 0.0]
v = [0.761784787007641, 0.385144193447218, 0.0]

